function [mse] = ObjectiveFunction(AA)
A=[ AA(1) AA(2) AA(3) AA(4);
    AA(5) AA(6) AA(7) AA(8);
    AA(9) AA(10) AA(11) AA(12);];
    
Data= [ 0.52 0.15 0.33;
        0.47 0.21 0.32;
        0.43 0.27 0.3;
        0.4 0.31 0.29;
        0.38 0.35 0.28;
        0.37 0.36 0.27;
        0.36 0.37 0.27;
        0.36 0.37 0.27;
        0.35 0.38 0.27;
        0.36 0.38 0.25;
        0.37 0.39 0.24;
        0.38 0.39 0.23;
        0.39 0.39 0.22;
        0.38 0.39 0.23;
        0.37 0.39 0.24;
        0.38 0.39 0.23;
        0.38 0.4 0.22;
        0.36 0.39 0.25;
        0.34 0.38 0.28; ];

theta(1,:)=Data(1,:);
for i=2:19
    theta(i,:)=DiscreteDer(theta(i-1,:),A);
end
   
try
    mse1=(1/19)*sum(((Data(:,1)-theta(:,1)).^2));
    mse2=(1/19)*sum(((Data(:,2)-theta(:,2)).^2));
    mse3=(1/19)*sum(((Data(:,3)-theta(:,3)).^2));
    mse=(mse1+mse2+mse3)/3;
catch ex
   mse=100;
end

  
end

